[background.jpg]
filters=finetune2=1,0.000000,0.000000,0.480000,ff010101,0.000000;finetune2=1,0.000000,0.000000,0.480000,00000000,0.000000;
moddate=0000e77dc7d30000
width=3971
height=1772
textactive=0
